6 0 34
      000             100                                                                                             111               1111  
      000             100                                                                                             111               1111  
      000             100                                                                                             111               1111  
      000             100                                                                                             111               1111  
     0000              0000                                                                                           111               111   
    0000                000000                                                                                        111                111  
   00000                   0000                                                                                       111                111  
  1111                       111                                                                                      111                111  
                                                                                                                       111                111 
                                                                                                                       111                111 
                                                                                                                       111                111 
                                                                                                                       111                111 
111                           111                                                                                      111                111 
0000                         000                                                                                       111                111 
00000                       0000                                                                                      111                111  
 00000                     00000                                                                                      111                111  
 00000                    00000                                                                                       111                111  
 00000                    00000                                                                                       111                111  
  00000                   0000                                                                                       111                111   
  00000                  00000                                                                                       111                111   
   00000                 0000                                                                                        111                111   
    0000                 0000                                                                                       111                111    
     0000               0000                                                                                        111                111    
      0000              000                                                                                        111                111     
       00000           0000                                                                                        111                111     
        00000        00000                                                                                         111                111     
         0000        0000                                                                                         111                111      
          0000       000                                                                                          111                111      
           000       00                                                                                           111                111      
            000       0                                                                                          111                111       
             00                                                                                                  111                111       
                                                                                                                 111                111       
                                                                                                                 111                111       
                                                                                                                 111                111       
                                                                                                                 111                111       
                                                                                                                 111                111       
                                                                                                                  111               |111      
                                                                                                                  111                111      
                                                                                                                   111                111     
                                                                                                                     11                 11    
                                                                                                                       11                 11  
                                                                                                                         11                11 
                                                                                                                            1                1
                                                                                                                               1              